048159190402601593 QZJ 048 2019 4 25 1970 
419742193006317420 ZRK 419 2019 8 14 1236 
890213197700122356 JKL 890 2019 12 4 502 
172506190503947283 RDN 172 2020 4 14 1268 
541007192107652118 BUH 541 2020 8 3 533 
923670196703478134 KNJ 923 2020 8 13 1299 
304162199507183041 TGK 304 2020 12 3 1833 
756453193101908978 DQM 756 2020 4 21 1099 
037026195804913804 LJN 037 2019 8 2 1864 
407517198608629739 UBI 407 2019 8 20 1130 
888000192204444666 ETJ 888 2019 12 10 1896 
260373194808259593 NML 260 2019 4 20 1162 
631964199602974229 WEM 631 2019 8 9 1695 
012457191205780134 GWN 012 2019 8 19 961 
172728193909405051 HII 172 2020 12 9 1727 
543211198705210987 QZJ 543 2020 4 26 993 
923670196703478134 KNJ 925 2020 8 8 1759 
306384194903941741 JLM 306 2020 8 26 1024 
778677197706776675 SDO 778 2020 12 8 1790 
057168199300491602 BVI 057 2019 4 25 824 
429731194004206519 KNK 429 2019 8 15 1590 
923670196703478134 KNJ 800 2019 8 25 855 
261515190404737372 DRM 261 2019 12 15 1621 
633188193007552297 MJO 633 2019 4 24 887 
012679195801567924 VCI 012 2019 8 14 1653 
394962199405273850 EUK 394 2020 8 4 686 
765434192101098767 NML 765 2020 12 13 1452 
147025194905703692 WFN 147 2020 4 3 718 
518528198508528529 GWO 518 2020 8 13 1484 
778899191102334455 IIJ 778 2020 8 3 749 
059382195906059382 QBK 059 2019 12 20 1515 
421975197602864209 ZSM 421 2019 4 2 549 
765434192101098767 NML 802 2019 8 20 1315 
283739194009595040 SEO 283 2019 8 2 580 
653220196603300077 CVJ 653 2019 12 19 1346 
034893191207025903 LOK 034 2019 4 9 612 
396183193801830638 TZM 396 2020 8 19 1378 
767676195707676565 DRN 767 2020 8 8 643 
149249190300381492 MKP 149 2020 12 18 1177 
518730192904106328 VCJ 518 2020 4 8 1943 
990033197708811225 FUL 990 2020 8 26 1209 
271504199302827150 NNM 271 2019 12 7 1974 
642197191908642086 WFN 642 2019 11 25 1240 
024680196801357913 GXP 024 2019 3 7 506 
283951198405172840 IJJ 283 2019 7 25 1040 
655444192009988776 RBL 655 2019 11 14 1805 
036034195803603681 BTM 036 2019 11 24 1071 
318507197409418518 JMO 318 2020 3 14 1837 
653220196603300077 CVJ 789 2020 7 23 1103 
169381194906149261 CWK 169 2020 11 13 1869 
653220196603300077 CVJ 530 2020 11 3 902 
992245190104679023 UZN 992 2020 3 13 1668 
273748193908485959 DSO 273 2019 7 2 934 
644311197503200866 MKP 644 2019 11 20 1700 
024802199107915793 VDK 024 2019 11 2 965 
405195192001730627 FVL 405 2019 3 20 1731 
877665196605466554 ONN 877 2019 7 1 765 
158258199209471481 WGO 158 2020 11 19 1531 
530741193004296308 GYQ 530 2020 11 9 796 
789012195608901232 IJK 789 2020 3 18 1562 
161505198202727949 RCM 161 2020 7 8 828 
532196192106432876 BTN 532 2020 11 18 1594 
914469194700257702 KMP 914 2020 11 8 859 
295962199305062739 SFQ 295 2019 3 25 1393 
664453191109778664 CWK 664 2019 7 7 659 
046026193703593591 LPM 046 2019 11 25 1425 
407316198307508497 UBN 407 2019 11 7 690 
520963197400752185 VDL 879 2019 3 24 1456 
150472194806039251 MLQ 150 2020 7 14 722 
520963197400752185 VDL 520 2020 11 24 1256 
901236199004567012 FVM 901 2020 11 13 521 
383727193808372949 OOO 383 2020 3 23 1287 
754310196402098875 XGP 754 2020 7 13 553 
913681198105803580 ZRJ 913 2020 11 3 1319 
295174192901828417 IKL 295 2019 11 12 584 
666677195505553334 RCM 666 2019 3 2 1118 
048247199109379260 BUO 048 2019 7 12 1884 
429530192903084297 KNP 429 2019 11 2 1150 
899021194506809122 TFK 899 2019 3 19 1916 
170694198202614058 CXL 170 2020 3 1 1181 
542187191006320965 LPN 542 2020 7 19 1947 
903478195600145892 UBO 903 2020 11 28 981 
385941197204050726 ETQ 385 2020 3 18 1747 
754532190007875653 NLK 754 2020 3 8 1012 
135025194603681570 WEL 135 2020 7 18 1778 
888889191101111113 OOO 417 2019 11 7 1044 
888889191101111113 OOO 888 2019 3 17 1810 
260481193705926048 XHQ 260 2019 3 7 1075 
429752195308642975 ZSK 429 2019 7 25 1609 
888889191101111113 OOO 891 2019 11 6 875 
172738192708172738 RDN 172 2020 3 24 1641 
544309196402187665 BUP 544 2020 3 6 906 
925692199206903699 KNQ 925 2020 7 23 1672 
304183191800618596 TGK 304 2020 11 13 938 
776756196403453423 DXM 776 2020 3 23 1472 
157249198209268350 MQN 157 2020 3 13 737 
419530190803974284 UCP 419 2019 7 2 1503 
880002195507799911 ETQ 880 2019 11 12 769 
260693197301404848 NML 260 2019 3 2 1535 
631996191904429774 WEM 631 2019 3 12 800 
888889191101111113 OOO 013 2019 7 1 1334 
394950196304950516 OPP 394 2020 11 19 600 
766543190908765433 XHR 766 2020 3 1 1366 
925814193602470369 ZSL 925 2020 3 18 631 
306307197205296296 JLM 306 2020 7 28 1397 
778898199009001121 SDO 778 2020 11 18 663 
159461192605726137 CVP 159 2020 3 8 1197 
431753196209731064 KOR 431 2019 3 17 1962 
800244198003557991 TGL 800 2019 7 7 1228 
282817193706262627 DYN 282 2019 11 17 1994 
633108195300077542 MJO 633 2019 3 6 1260 
015601197106792479 VCQ 015 2019 3 24 526 
396174192700528306 EUR 396 2020 7 6 1291 
765765194304343212 NML 765 2020 11 24 1825 
147058199107058149 WFN 147 2020 3 5 1091 
528529191801073074 GXO 528 2020 7 23 1857 
990012193407889900 PPQ 990 2020 7 13 1122 
371604198201504837 YIR 371 2020 11 23 1888 
431975190805319764 ZTM 431 2019 3 12 1154 
802468192408024688 JLN 802 2019 6 22 1688 
284959197202840695 SEP 284 2019 6 12 953 
655322199906655322 CVQ 655 2019 10 1 1719 
159461192605726137 CVP 037 2019 2 11 985 
316316196306185185 THM 316 2020 6 1 1751 
787989198909001010 DYN 787 2020 6 11 1016 
149270192503816947 MKP 149 2020 10 28 1550 
520763195307621853 VDQ 520 2020 2 18 816 
992235199003346780 FUS 992 2020 6 28 1582 
271826191607152605 NNM 271 2019 6 18 847 
643119194400977532 WFO 643 2019 10 27 1613 
024680198004682468 GXP 024 2019 2 17 879 
406173191608427395 PQR 406 2019 6 7 1413 
271826191607152605 NNM 877 2019 6 16 678 
036037197108148936 BTM 036 2019 10 6 1444 
318520190701963863 JMO 318 2020 2 16 710 
789021194505678890 SEP 789 2020 6 6 1476 
161494196109494726 CWR 161 2020 6 23 741 
542986191705209643 LPS 542 2020 10 5 1507 
912457193409922578 UHN 912 2020 2 23 541 
293040195202737405 DZO 293 2019 6 13 1307 
645331190806653311 MKQ 645 2019 6 22 573 
026804192400468248 VDR 026 2019 10 12 1338 
406395194204273173 FVM 406 2019 2 22 604 
914691197904770358 KMP 877 2019 6 11 1370 
258251191503704936 XGO 258 2019 6 1 1904 
530742195307429863 GYQ 530 2020 10 11 1169 
901235198901234569 PQR 901 2020 2 1 1935 
161615190505059494 RCM 161 2020 6 10 1201 
542108194301765321 BUN 542 2020 6 28 1967 
914691197904770358 KMP 914 2020 10 18 1232 